n_grasps_beginning: 7941
n_grasps_surface_normal: 2251
t_start: 1726089843.4577658
t_pc_processed: 1726089844.3676226
t_edge_grasp_completed: 1726089845.561399
