n_grasps_beginning: 8854
n_grasps_surface_normal: 2729
n_grasps_good_score: 56
n_grasps_feasible: 13
n_grasps_chosen: 5
t_start: 1724878099.454751
t_pc_processed: 1724878100.855448
t_edge_grasp_completed: 1724878101.354698
t_filtering_completed: 1724878120.5726604
t_rendering_completed: 1724878120.7869673
t_end: 1724878135.5302622
