n_grasps_beginning: 5704
n_grasps_surface_normal: 1939
n_grasps_good_score: 33
n_grasps_reduced_to_100: True
n_grasps_feasible: 3
n_grasps_chosen: 2
t_start: 1724796490.516901
t_pc_processed: 1724796491.5639668
t_edge_grasp_completed: 1724796491.946214
t_filtering_completed: 1724796502.225598
t_rendering_completed: 1724796502.646198
t_end: 1724796510.9651618
